MEME version 4

ALPHABET= ACGT

strands: + -

Background letter frequencies (from
A 0.25 C 0.25 G 0.25 T 0.25 

MOTIF SRF
letter-probability matrix: alength= 4 w= 18 nsites= 20
0.187088274044796 0.357048748353096 0.12340799297321 0.332454984628898
0.446640316205534 0.195871761089152 0.145366710584102 0.212121212121212
0.226174791392183 0.125164690382082 0.0904699165568731 0.558190601668863
0.118577075098814 0.112867808519982 0.43917435221783 0.329380764163373
0.209486166007905 0.299077733860343 0.234079929732104 0.257356170399649
0.0215195432586737 0.941589811155029 0 0.0368906455862978
0 0.924462011418533 0 0.0755379885814668
0.776021080368906 0.0289855072463768 0.0101010101010101 0.184892402283707
0.519982433025911 0 0.0320597277119016 0.447957839262187
0.977602108036891 0 0.00702678963548529 0.0153711023276241
0.25911286780852 0.0527009222661397 0.00702678963548529 0.681159420289855
0.899429073342117 0.00527009222661397 0.0223978919631094 0.0729029424681599
0.63768115942029 0.0043917435221783 0.0382081686429512 0.319718928414581
0.0298638559508125 0 0.970136144049188 0
0.00658761528326746 0.00307422046552481 0.990338164251208 0
0.267018006148441 0.379446640316206 0.193675889328063 0.15985946420729
0.594202898550725 0.221343873517787 0.101010101010101 0.0834431269213878
0.570487483530962 0.0781730346947738 0.202020202020202 0.149319279754062
