MEME version 4

ALPHABET= ACGT

strands: + -

Background letter frequencies (from
A 0.25 C 0.25 G 0.25 T 0.25 

MOTIF NFYA
letter-probability matrix: alength= 4 w= 18 nsites= 20
0.536952554744526 0.172787408759124 0.112112226277372 0.178147810218978
0.135378649635036 0.112568430656934 0.52235401459854 0.229698905109489
0.404653284671533 0.257299270072993 0.247262773722628 0.0907846715328467
0.137203467153285 0.339073905109489 0.453695255474453 0.0700273722627737
0.208257299270073 0.267335766423358 0.0356979927007299 0.488708941605839
0.0218978102189781 0.0951186131386861 0.546076642335766 0.336906934306569
0.0270301094890511 0.842153284671533 0.0548585766423358 0.0759580291970803
0.00182481751824818 0.113252737226277 0.0276003649635037 0.857322080291971
0.0253193430656934 0.11610401459854 0.819000912408759 0.0395757299270073
0.975707116788321 0.000228102189781022 0.0171076642335766 0.00695711678832117
0.000570255474452555 0.00593065693430657 0.000912408759124088 0.992586678832117
0.00114051094890511 0.000570255474452555 0.000570255474452555 0.99771897810219
0.00330748175182482 0.00114051094890511 0.994525547445255 0.0010264598540146
0.00136861313868613 0.00798357664233577 0.990305656934307 0.000342153284671533
0.0429972627737226 0.305314781021898 0.00171076642335766 0.649977189781022
0.052463503649635 0.449703467153285 0.213617700729927 0.284215328467153
0.175296532846715 0.476277372262774 0.253991788321168 0.0944343065693431
0.485971715328467 0.12956204379562 0.308736313868613 0.0757299270072993
